1
30 30
0 0 0 921 673 0 111 570 453 0 0 425 134 944 563 875 242 25 468 279 517 0 246 472 0 872 61 281 0 0 
425 584 0 423 612 900 727 773 0 168 25 750 468 575 0 512 244 209 819 0 496 944 147 0 0 379 289 105 360 310

5
4 5
0 0 1 0
0 0 0 1 1
3 3
2 0 3
0 2 3
5 5
5 1 6 10 20
1 8 6 10 20
4 4
0 0 0 0
0 0 0 0
5 5
5 1 6 10 20
1 8 6 10 20

20
30 30
627 752 677 799 784 0 86 845 884 0 684 0 0 42 446 321 483 558 207 0 680 0 474 735 828 0 0 47 278 181 
599 460 235 302 497 884 764 911 0 264 0 353 123 990 158 0 0 532 737 866 698 197 0 789 154 202 0 735 70 463 
30 30
784 584 801 700 616 672 95 727 514 0 55 0 39 856 0 0 640 379 992 0 904 0 277 0 0 462 678 631 89 197 
522 802 839 449 469 197 925 195 873 131 248 30 230 956 595 132 815 603 672 417 0 616 205 427 0 329 0 829 0 862 
30 30
102 758 896 0 971 133 313 469 124 273 565 832 413 118 17 599 718 0 664 538 993 129 460 730 0 54 171 126 452 0 
0 0 505 0 127 25 212 0 480 535 22 784 882 99 0 0 599 0 667 112 85 664 194 544 826 50 760 361 882 362 
30 30
778 281 662 0 175 521 0 0 0 0 511 36 418 79 920 0 0 389 222 999 458 58 0 0 806 598 158 157 340 0 
783 541 0 0 28 748 641 0 0 0 613 405 647 146 0 58 541 36 0 756 973 24 494 609 0 233 415 0 175 852 
30 30
32 968 157 744 200 773 547 0 770 619 0 350 327 190 651 661 991 621 133 10 0 912 376 0 764 276 0 3 872 650 
456 28 445 407 46 657 883 694 744 0 758 547 0 10 321 900 0 93 0 184 15 469 373 561 762 978 814 960 319 0 
30 30
400 683 387 258 391 824 288 294 614 904 725 888 393 316 209 0 100 353 811 0 0 29 976 619 796 0 690 444 411 696 
468 460 72 815 48 562 0 129 0 412 945 815 314 98 937 928 722 9 238 615 0 824 673 867 811 0 298 627 690 80 
30 30
678 160 854 632 0 0 759 713 688 569 350 86 338 0 558 50 690 639 0 505 198 564 603 0 242 300 456 511 7 272 
272 882 852 0 794 0 89 0 969 0 994 272 528 795 899 275 554 896 688 938 608 558 366 838 250 288 0 420 744 0 
30 30
604 962 898 848 135 837 840 581 209 185 795 521 894 50 0 265 0 427 295 0 729 290 998 208 964 460 682 0 605 633 
991 376 468 80 15 649 558 223 147 0 383 538 687 717 137 905 79 251 580 2 932 633 0 236 799 682 288 313 185 451 
30 30
722 0 565 674 0 95 229 0 38 376 0 733 168 38 914 621 209 0 342 0 0 408 883 292 173 145 992 567 353 851 
280 564 414 116 38 196 3 0 179 674 678 895 0 280 465 555 348 414 636 769 179 242 894 234 691 761 824 182 428 39 
30 30
0 155 0 544 0 234 0 990 335 527 0 311 483 152 371 463 52 841 223 177 0 504 550 0 545 77 922 302 0 738 
0 337 127 266 165 0 560 321 0 323 0 899 357 622 528 286 61 292 111 620 862 522 0 671 0 584 917 26 502 956 
30 30
0 0 0 921 673 0 111 570 453 0 0 425 134 944 563 875 242 25 468 279 517 0 246 472 0 872 61 281 0 0 
425 584 0 423 612 900 727 773 0 168 25 750 468 575 0 512 244 209 819 0 496 944 147 0 0 379 289 105 360 310 
30 30
555 285 495 784 71 442 529 655 916 0 1000 887 221 0 946 0 526 834 797 810 965 316 227 837 0 64 294 0 0 0 
681 257 837 371 921 488 828 660 0 930 0 0 534 369 407 0 57 212 780 965 541 0 310 8 260 106 745 782 0 595 
30 30
866 624 568 309 115 255 927 459 971 34 365 0 102 0 392 492 414 746 544 508 893 259 529 18 309 467 898 0 890 995 
280 601 994 292 822 0 708 819 60 268 215 725 0 0 357 527 458 0 999 147 0 633 885 339 341 100 890 62 898 0 
30 30
574 563 0 0 993 4 511 103 369 132 458 770 142 126 858 899 289 119 581 0 354 786 187 906 0 617 231 892 896 605 
356 97 871 664 954 975 864 755 499 503 809 152 806 0 681 903 637 396 524 268 505 402 563 323 351 982 0 654 0 654 
30 30
293 33 0 660 103 812 279 413 0 221 774 886 990 239 372 306 270 353 778 211 0 505 670 0 0 541 382 959 100 894 
541 736 0 0 321 43 110 82 999 397 306 679 392 450 7 831 0 753 0 640 258 247 891 183 0 122 0 486 279 996 
30 30
451 39 501 980 269 127 390 0 278 762 0 262 329 514 893 341 790 0 78 533 0 0 614 981 571 386 843 474 583 406 
876 0 389 210 468 39 875 882 419 464 863 268 597 831 178 906 639 789 39 805 617 442 0 512 765 282 209 111 632 137 
30 30
0 427 0 444 0 713 399 0 854 879 885 230 0 0 785 167 0 302 239 186 206 0 0 943 959 121 667 273 343 0 
840 638 847 623 895 136 31 0 408 680 0 788 71 125 319 70 186 839 215 157 399 121 0 140 460 501 444 339 567 167 
30 30
0 135 0 784 0 629 167 915 250 383 794 188 0 0 757 34 40 113 940 341 877 506 522 0 280 538 0 930 196 0 
946 686 11 985 500 0 0 8 115 296 774 506 432 130 214 972 103 523 568 0 160 0 0 250 615 0 499 410 30 420 
30 30
0 166 387 591 0 420 445 322 0 24 737 720 582 379 669 793 0 0 500 0 745 404 246 984 507 325 58 0 0 262 
93 267 17 31 72 573 955 0 394 0 669 425 937 218 682 594 799 870 559 584 0 648 668 0 423 252 160 159 961 600 
30 30
787 161 812 0 0 648 734 0 565 123 351 348 313 994 945 0 811 209 750 648 0 43 681 982 34 0 974 0 361 102 
207 242 0 144 935 123 797 0 0 632 13 959 628 861 0 651 820 1 406 0 585 785 582 583 324 730 370 842 32 685 

5
4 5
0 0 1 0
0 0 0 1 1
3 3
2 0 3
0 2 3
5 5
5 1 6 10 20
1 8 6 10 20
4 4
0 0 0 0
0 0 0 0
5 5
5 1 6 10 20
1 8 6 10 20

10
10 10
4 0 10 3 7 7 0 5 0 4 
10 0 4 6 10 3 8 8 3 2 
10 10
0 8 8 6 5 0 2 2 10 0 
7 10 6 2 0 7 9 8 0 3 
10 10
3 0 5 8 0 3 7 9 8 2 
0 3 6 4 1 0 9 6 0 3 
10 10
6 0 1 1 5 0 0 0 0 2 
7 2 1 1 4 0 0 9 7 0 
10 10
0 7 10 4 0 5 10 7 5 2 
5 5 2 8 1 8 1 9 3 0 
10 10
0 9 3 8 0 0 8 2 6 0 
9 7 5 2 5 0 7 8 8 2 
10 10
10 4 7 5 3 4 10 3 0 5 
5 10 5 4 7 0 7 0 10 0 
10 10
2 0 9 5 8 3 0 0 2 0 
3 2 8 7 8 0 2 8 6 9 
10 10
3 4 0 10 0 0 4 7 2 0 
4 6 0 4 0 0 9 0 6 4 
10 10
7 8 1 10 8 0 10 3 0 8 
10 1 5 1 8 2 7 0 8 0 

